At time 1731345811.940005391
- Translation: [0.000, 0.000, 0.000]
- Rotation: in Quaternion [0.000, 0.000, 0.976, 0.216]
- Rotation: in RPY (radian) [0.000, -0.000, 2.705]
- Rotation: in RPY (degree) [0.000, -0.000, 155.002]
- Matrix:
 -0.906 -0.423  0.000  0.000
  0.423 -0.906  0.000  0.000
  0.000  0.000  1.000  0.000
  0.000  0.000  0.000  1.000
At time 1731345812.931937186
- Translation: [0.000, 0.000, 0.000]
- Rotation: in Quaternion [0.000, 0.000, 0.995, -0.096]
- Rotation: in RPY (radian) [0.000, -0.000, -2.950]
- Rotation: in RPY (degree) [0.000, -0.000, -169.012]
- Matrix:
 -0.982  0.191  0.000  0.000
 -0.191 -0.982  0.000  0.000
  0.000  0.000  1.000  0.000
  0.000  0.000  0.000  1.000
At time 1731345813.940571052
- Translation: [0.386, -1.122, 0.000]
- Rotation: in Quaternion [0.000, 0.000, -0.556, 0.831]
- Rotation: in RPY (radian) [0.000, 0.000, -1.179]
- Rotation: in RPY (degree) [0.000, 0.000, -67.580]
- Matrix:
  0.381  0.924  0.000  0.386
 -0.924  0.381 -0.000 -1.122
 -0.000  0.000  1.000  0.000
  0.000  0.000  0.000  1.000
At time 1731345814.932449137
- Translation: [1.550, -0.059, 0.000]
- Rotation: in Quaternion [0.000, 0.000, 0.255, 0.967]
- Rotation: in RPY (radian) [0.000, -0.000, 0.515]
- Rotation: in RPY (degree) [0.000, -0.000, 29.525]
- Matrix:
  0.870 -0.493  0.000  1.550
  0.493  0.870  0.000 -0.059
  0.000  0.000  1.000  0.000
  0.000  0.000  0.000  1.000
At time 1731345815.940139899
- Translation: [1.650, 0.918, 0.000]
- Rotation: in Quaternion [0.000, 0.000, 0.443, 0.896]
- Rotation: in RPY (radian) [0.000, -0.000, 0.919]
- Rotation: in RPY (degree) [0.000, -0.000, 52.643]
- Matrix:
  0.607 -0.795  0.000  1.650
  0.795  0.607  0.000  0.918
  0.000  0.000  1.000  0.000
  0.000  0.000  0.000  1.000
At time 1731345816.931702199
- Translation: [1.094, 1.206, 0.000]
- Rotation: in Quaternion [0.000, 0.000, 0.730, 0.683]
- Rotation: in RPY (radian) [0.000, -0.000, 1.637]
- Rotation: in RPY (degree) [0.000, -0.000, 93.783]
- Matrix:
 -0.066 -0.998  0.000  1.094
  0.998 -0.066  0.000  1.206
  0.000  0.000  1.000  0.000
  0.000  0.000  0.000  1.000
At time 1731345817.939933298
- Translation: [1.502, 2.128, 0.000]
- Rotation: in Quaternion [0.000, 0.000, 0.572, 0.820]
- Rotation: in RPY (radian) [0.000, -0.000, 1.218]
- Rotation: in RPY (degree) [0.000, -0.000, 69.801]
- Matrix:
  0.345 -0.939  0.000  1.502
  0.939  0.345  0.000  2.128
  0.000  0.000  1.000  0.000
  0.000  0.000  0.000  1.000
At time 1731345818.932124040
- Translation: [2.406, 0.950, 0.000]
- Rotation: in Quaternion [0.000, 0.000, 0.610, 0.792]
- Rotation: in RPY (radian) [0.000, -0.000, 1.313]
- Rotation: in RPY (degree) [0.000, -0.000, 75.232]
- Matrix:
  0.255 -0.967  0.000  2.406
  0.967  0.255  0.000  0.950
  0.000  0.000  1.000  0.000
  0.000  0.000  0.000  1.000
At time 1731345819.939512885
- Translation: [1.957, 1.423, 0.000]
- Rotation: in Quaternion [0.000, 0.000, 0.563, 0.826]
- Rotation: in RPY (radian) [0.000, -0.000, 1.196]
- Rotation: in RPY (degree) [0.000, -0.000, 68.554]
- Matrix:
  0.366 -0.931  0.000  1.957
  0.931  0.366  0.000  1.423
  0.000  0.000  1.000  0.000
  0.000  0.000  0.000  1.000
At time 1731345820.932021986
- Translation: [1.140, 1.061, 0.000]
- Rotation: in Quaternion [-0.000, -0.000, 0.857, 0.516]
- Rotation: in RPY (radian) [-0.000, -0.000, 2.058]
- Rotation: in RPY (degree) [-0.000, -0.000, 117.898]
- Matrix:
 -0.468 -0.884 -0.000  1.140
  0.884 -0.468  0.000  1.061
  0.000 -0.000  1.000  0.000
  0.000  0.000  0.000  1.000
At time 1731345821.939690848
- Translation: [1.338, 2.286, 0.000]
- Rotation: in Quaternion [0.000, 0.000, 0.589, 0.808]
- Rotation: in RPY (radian) [0.000, -0.000, 1.259]
- Rotation: in RPY (degree) [0.000, -0.000, 72.110]
- Matrix:
  0.307 -0.952  0.000  1.338
  0.952  0.307  0.000  2.286
  0.000  0.000  1.000  0.000
  0.000  0.000  0.000  1.000
At time 1731345822.932230186
- Translation: [2.156, 0.789, 0.000]
- Rotation: in Quaternion [0.000, 0.000, 0.154, 0.988]
- Rotation: in RPY (radian) [0.000, -0.000, 0.308]
- Rotation: in RPY (degree) [0.000, -0.000, 17.671]
- Matrix:
  0.953 -0.304  0.000  2.156
  0.304  0.953  0.000  0.789
  0.000  0.000  1.000  0.000
  0.000  0.000  0.000  1.000
At time 1731345823.940158385
- Translation: [1.189, 0.558, 0.000]
- Rotation: in Quaternion [0.000, 0.000, 0.689, 0.725]
- Rotation: in RPY (radian) [0.000, -0.000, 1.519]
- Rotation: in RPY (degree) [0.000, -0.000, 87.044]
- Matrix:
  0.052 -0.999  0.000  1.189
  0.999  0.052  0.000  0.558
  0.000  0.000  1.000  0.000
  0.000  0.000  0.000  1.000
At time 1731345824.932223781
- Translation: [1.053, 0.943, 0.000]
- Rotation: in Quaternion [0.000, 0.000, 0.872, 0.490]
- Rotation: in RPY (radian) [0.000, -0.000, 2.117]
- Rotation: in RPY (degree) [0.000, -0.000, 121.295]
- Matrix:
 -0.519 -0.855  0.000  1.053
  0.855 -0.519  0.000  0.943
  0.000  0.000  1.000  0.000
  0.000  0.000  0.000  1.000
At time 1731345825.939719717
- Translation: [0.703, 0.994, 0.000]
- Rotation: in Quaternion [0.000, 0.000, 0.876, 0.482]
- Rotation: in RPY (radian) [0.000, -0.000, 2.136]
- Rotation: in RPY (degree) [0.000, -0.000, 122.361]
- Matrix:
 -0.535 -0.845  0.000  0.703
  0.845 -0.535  0.000  0.994
  0.000  0.000  1.000  0.000
  0.000  0.000  0.000  1.000
At time 1731345826.931736582
- Translation: [0.722, 1.349, 0.000]
- Rotation: in Quaternion [0.000, 0.000, 0.827, 0.562]
- Rotation: in RPY (radian) [0.000, -0.000, 1.948]
- Rotation: in RPY (degree) [0.000, -0.000, 111.628]
- Matrix:
 -0.369 -0.930  0.000  0.722
  0.930 -0.369  0.000  1.349
  0.000  0.000  1.000  0.000
  0.000  0.000  0.000  1.000
At time 1731345827.940297320
- Translation: [1.949, 2.078, 0.000]
- Rotation: in Quaternion [0.000, 0.000, 0.447, 0.894]
- Rotation: in RPY (radian) [0.000, -0.000, 0.928]
- Rotation: in RPY (degree) [0.000, -0.000, 53.147]
- Matrix:
  0.600 -0.800  0.000  1.949
  0.800  0.600  0.000  2.078
  0.000  0.000  1.000  0.000
  0.000  0.000  0.000  1.000
At time 1731345828.931426286
- Translation: [2.801, 0.749, 0.000]
- Rotation: in Quaternion [0.000, 0.000, 0.426, 0.905]
- Rotation: in RPY (radian) [0.000, -0.000, 0.881]
- Rotation: in RPY (degree) [0.000, -0.000, 50.451]
- Matrix:
  0.637 -0.771  0.000  2.801
  0.771  0.637  0.000  0.749
  0.000  0.000  1.000  0.000
  0.000  0.000  0.000  1.000
At time 1731345829.939466126
- Translation: [2.295, 0.875, 0.000]
- Rotation: in Quaternion [0.000, 0.000, 0.566, 0.824]
- Rotation: in RPY (radian) [0.000, -0.000, 1.204]
- Rotation: in RPY (degree) [0.000, -0.000, 69.010]
- Matrix:
  0.358 -0.934  0.000  2.295
  0.934  0.358  0.000  0.875
  0.000  0.000  1.000  0.000
  0.000  0.000  0.000  1.000
At time 1731345830.932073992
- Translation: [1.443, 0.811, 0.000]
- Rotation: in Quaternion [0.000, 0.000, 0.861, 0.508]
- Rotation: in RPY (radian) [0.000, -0.000, 2.076]
- Rotation: in RPY (degree) [0.000, -0.000, 118.950]
- Matrix:
 -0.484 -0.875  0.000  1.443
  0.875 -0.484  0.000  0.811
  0.000  0.000  1.000  0.000
  0.000  0.000  0.000  1.000
At time 1731345831.939159828
- Translation: [1.043, 1.228, 0.000]
- Rotation: in Quaternion [0.000, 0.000, 0.874, 0.486]
- Rotation: in RPY (radian) [0.000, -0.000, 2.127]
- Rotation: in RPY (degree) [0.000, -0.000, 121.893]
- Matrix:
 -0.528 -0.849  0.000  1.043
  0.849 -0.528  0.000  1.228
  0.000  0.000  1.000  0.000
  0.000  0.000  0.000  1.000
At time 1731345832.931601802
- Translation: [0.616, 1.373, 0.000]
- Rotation: in Quaternion [0.000, 0.000, 0.793, 0.609]
- Rotation: in RPY (radian) [0.000, -0.000, 1.833]
- Rotation: in RPY (degree) [0.000, -0.000, 105.015]
- Matrix:
 -0.259 -0.966  0.000  0.616
  0.966 -0.259  0.000  1.373
  0.000  0.000  1.000  0.000
  0.000  0.000  0.000  1.000
At time 1731345833.940528217
- Translation: [0.485, 1.195, 0.000]
- Rotation: in Quaternion [0.000, 0.000, 0.919, 0.395]
- Rotation: in RPY (radian) [0.000, -0.000, 2.329]
- Rotation: in RPY (degree) [0.000, -0.000, 133.431]
- Matrix:
 -0.687 -0.726  0.000  0.485
  0.726 -0.687  0.000  1.195
  0.000  0.000  1.000  0.000
  0.000  0.000  0.000  1.000
At time 1731345834.931941998
- Translation: [0.281, 1.398, 0.000]
- Rotation: in Quaternion [0.000, 0.000, 0.913, 0.408]
- Rotation: in RPY (radian) [0.000, -0.000, 2.301]
- Rotation: in RPY (degree) [0.000, -0.000, 131.852]
- Matrix:
 -0.667 -0.745  0.000  0.281
  0.745 -0.667  0.000  1.398
  0.000  0.000  1.000  0.000
  0.000  0.000  0.000  1.000
At time 1731345835.939741646
- Translation: [1.285, 1.226, 0.000]
- Rotation: in Quaternion [0.000, 0.000, -0.019, 1.000]
- Rotation: in RPY (radian) [0.000, 0.000, -0.038]
- Rotation: in RPY (degree) [0.000, 0.000, -2.185]
- Matrix:
  0.999  0.038  0.000  1.285
 -0.038  0.999 -0.000  1.226
 -0.000  0.000  1.000  0.000
  0.000  0.000  0.000  1.000
At time 1731345836.932371123
- Translation: [0.878, -0.465, 0.000]
- Rotation: in Quaternion [0.000, 0.000, -0.819, 0.573]
- Rotation: in RPY (radian) [0.000, 0.000, -1.920]
- Rotation: in RPY (degree) [0.000, 0.000, -110.020]
- Matrix:
 -0.342  0.940  0.000  0.878
 -0.940 -0.342 -0.000 -0.465
 -0.000  0.000  1.000  0.000
  0.000  0.000  0.000  1.000
At time 1731345837.939574910
- Translation: [0.194, -1.094, 0.000]
- Rotation: in Quaternion [0.000, 0.000, 0.933, -0.361]
- Rotation: in RPY (radian) [0.000, -0.000, -2.403]
- Rotation: in RPY (degree) [0.000, -0.000, -137.693]
- Matrix:
 -0.740  0.673  0.000  0.194
 -0.673 -0.740  0.000 -1.094
  0.000  0.000  1.000  0.000
  0.000  0.000  0.000  1.000
At time 1731345838.931464447
- Translation: [0.603, -1.301, 0.000]
- Rotation: in Quaternion [0.000, 0.000, -0.812, 0.584]
- Rotation: in RPY (radian) [0.000, 0.000, -1.894]
- Rotation: in RPY (degree) [0.000, 0.000, -108.518]
- Matrix:
 -0.318  0.948  0.000  0.603
 -0.948 -0.318 -0.000 -1.301
 -0.000  0.000  1.000  0.000
  0.000  0.000  0.000  1.000
At time 1731345839.941085157
- Translation: [0.600, -1.469, 0.000]
- Rotation: in Quaternion [0.000, 0.000, -0.804, 0.595]
- Rotation: in RPY (radian) [0.000, 0.000, -1.867]
- Rotation: in RPY (degree) [0.000, 0.000, -106.990]
- Matrix:
 -0.292  0.956  0.000  0.600
 -0.956 -0.292 -0.000 -1.469
 -0.000  0.000  1.000  0.000
  0.000  0.000  0.000  1.000
At time 1731345840.931398349
- Translation: [1.622, -1.775, 0.000]
- Rotation: in Quaternion [0.000, 0.000, -0.149, 0.989]
- Rotation: in RPY (radian) [0.000, 0.000, -0.300]
- Rotation: in RPY (degree) [0.000, 0.000, -17.180]
- Matrix:
  0.955  0.295  0.000  1.622
 -0.295  0.955 -0.000 -1.775
 -0.000  0.000  1.000  0.000
  0.000  0.000  0.000  1.000
At time 1731345841.940290360
- Translation: [2.194, 0.047, 0.000]
- Rotation: in Quaternion [0.000, 0.000, 0.534, 0.846]
- Rotation: in RPY (radian) [0.000, -0.000, 1.127]
- Rotation: in RPY (degree) [0.000, -0.000, 64.546]
- Matrix:
  0.430 -0.903  0.000  2.194
  0.903  0.430  0.000  0.047
  0.000  0.000  1.000  0.000
  0.000  0.000  0.000  1.000
At time 1731345842.932201546
- Translation: [2.014, 1.377, 0.000]
- Rotation: in Quaternion [0.000, 0.000, 0.530, 0.848]
- Rotation: in RPY (radian) [0.000, -0.000, 1.118]
- Rotation: in RPY (degree) [0.000, -0.000, 64.054]
- Matrix:
  0.438 -0.899  0.000  2.014
  0.899  0.438  0.000  1.377
  0.000  0.000  1.000  0.000
  0.000  0.000  0.000  1.000
At time 1731345843.939821977
- Translation: [1.305, 1.322, 0.000]
- Rotation: in Quaternion [0.000, 0.000, 0.755, 0.656]
- Rotation: in RPY (radian) [0.000, -0.000, 1.711]
- Rotation: in RPY (degree) [0.000, -0.000, 98.032]
- Matrix:
 -0.140 -0.990  0.000  1.305
  0.990 -0.140  0.000  1.322
  0.000  0.000  1.000  0.000
  0.000  0.000  0.000  1.000
At time 1731345844.932234927
- Translation: [1.924, 2.288, 0.000]
- Rotation: in Quaternion [0.000, 0.000, 0.491, 0.871]
- Rotation: in RPY (radian) [0.000, -0.000, 1.027]
- Rotation: in RPY (degree) [0.000, -0.000, 58.847]
- Matrix:
  0.517 -0.856  0.000  1.924
  0.856  0.517  0.000  2.288
  0.000  0.000  1.000  0.000
  0.000  0.000  0.000  1.000
